Iteration: 1,5000; Learning Rate: 0.1:
1 [0.1571349790660637, 0.3721352853691211, 0.15979311055365392, 0.11140968203346151, 0.16955435414462114, 0.7236919906710304, 0.27899534668651615, 0.18844960834011196]
2 [0.2802460982745982, 0.16888806095937142, 0.14197204650632175, 0.12018517371770009, 0.19459933018920078, 0.6781348714821797, 0.10475656240415168, 0.3202112484437527]
3 [0.1855955512025647, 0.33214420238708064, 0.17347782791096128, 0.3657544072609243, 0.21167047877421277, 0.24426777116811005, 0.25687237107710287, 0.18792748098927586]
4 [0.3012339704188169, 0.3844630907787454, 0.13941292673676556, 0.10342079772746113, 0.18002459957679057, 0.6894553918243749, 0.11288782427327722, 0.2589980636491333]
5 [0.17024810596670145, 0.22415575447610547, 0.17765103880696417, 0.7546030461666359, 0.10582430398973018, 0.19033547615181584, 0.04286244617891485, 0.22149895659988905]
6 [0.18716533681316128, 0.6504123763035526, 0.20968604490779497, 0.19907149168626187, 0.2318095609251764, 0.26696067351345465, 0.27130583869669583, 0.17036690399737242]
7 [0.2073341231566172, 0.3259624347046592, 0.1949746722173046, 0.6868878164562733, 0.2599644329885647, 0.05247622692343135, 0.2676960412364608, 0.18862333377108123]
8 [0.24235818205607979, 0.2258395235186352, 0.04405733050060539, 0.32816995802346155, 0.698299499843117, 0.12897054561868587, 0.3620902054717115, 0.2135480454561211]
9 [0.15944263588018362, 0.19089631995439907, 0.3058563232577712, 0.28333198419181455, 0.4441068015097707, 0.28491264690843354, 0.030772920184508838, 0.4554824079891179]
10 [0.3112414409380246, 0.30521649762683883, 0.20612089835581515, 0.7534390383206215, 0.0902994264004003, 0.2172324872832844, 0.08405060450944303, 0.26230393292852283]
11 [0.26667231547558345, 0.14452791936137804, 0.27745318089020105, 0.04796556171388666, 0.6677372057742923, 0.17513471504106157, 0.30589355612124863, 0.2384118815453638]
12 [0.21385028547257734, 0.17795335651768343, 0.713338254389358, 0.10015463412293198, 0.1403473653915892, 0.2152907217609192, 0.29109941636876313, 0.20785338093568653]
13 [0.23085092455973164, 0.21168752820377157, 0.2040732759227498, 0.11486544204692854, 0.7634798632389144, 0.0781350691792841, 0.23000789409659478, 0.2706913798694053]
14 [0.19815197716682276, 0.1880006007739353, 0.793906002305203, 0.19180547835167527, 0.14989239675793123, 0.2113040034092712, 0.2616819606618084, 0.18019682092139858]
15 [0.22949427834496156, 0.2015029649220157, 0.6339595842920667, 0.21626206630934997, 0.10110535949171609, 0.1830057014052436, 0.17530867369118114, 0.2358540475927759]
16 [0.2697902476116017, 0.21898925040659656, 0.1559381827866757, 0.07671861611981542, 0.2151181056786132, 0.844971836788467, 0.21066365773020154, 0.16979344432773283]
17 [0.22734708206544438, 0.19109448058046508, 0.19015648334309562, 0.7831393635323521, 0.11052040774061597, 0.17227380587664712, 0.12290709182258139, 0.21532694234904762]
18 [0.23594252785671677, 0.25015594939461716, 0.6393667304487993, 0.06937509188892589, 0.18016571758184016, 0.19754599555351862, 0.20291998244920845, 0.19370605121375417]
19 [0.2968474193951115, 0.12371751047080452, 0.21985807567082, 0.22877101135722905, 0.3865371629363352, 0.1800374952608718, 0.5530949642094768, 0.15728724898969998]
20 [0.2615715748703066, 0.1524505240248697, 0.6887853951425035, 0.2595814284446445, 0.21752326678529527, 0.19380231676205126, 0.1832170170742451, 0.2916401822084656]
21 [0.2797208821169782, 0.04040147274374351, 0.11686439941291431, 0.6313206834828361, 0.25198501542276747, 0.16339853349657385, 0.4958049550286518, 0.21278546406783325]
22 [0.2016378266352564, 0.2911131900975651, 0.7959464891621364, 0.21670766045465356, 0.16106958135164653, 0.158511790871434, 0.27844951471523754, 0.1755267921166171]
23 [0.4209249305188316, 0.1104303654026397, 0.17674949477122734, 0.247319384501802, 0.34075148166599956, 0.2703302663189925, 0.3680457263347616, 0.18264918675436684]
24 [0.2493052205759899, 0.02154818090665661, 0.2315186549417594, 0.23543017346016262, 0.29148653949777337, 0.2317950921739986, 0.7093690526019935, 0.19499375375187572]
25 [0.20116826321550085, 0.308757989382949, 0.8176327183350135, 0.20891212174296983, 0.14961296957379927, 0.16826778586463434, 0.2755201610424927, 0.17786433522337905]
26 [0.2359669645069889, 0.11622507156767972, 0.10722655893932309, 0.03313632457527419, 0.19719958478204702, 0.8051755399844202, 0.22480097880989874, 0.17817567750724514]
27 [0.20892637067618763, 0.8643714725906767, 0.25221866778986146, 0.1363811947783777, 0.28165076743674977, 0.1638813852678689, 0.2805044104738596, 0.15324955724088057]
28 [0.2338458309006551, 0.24772795489220428, 0.6556165468929567, 0.0657225254443092, 0.17928634562447454, 0.19259335243307063, 0.20857351716429534, 0.1951412913336404]
29 [0.25670667045722134, 0.7112268010488424, 0.28547840452258805, 0.16837680811951677, 0.3015868694519788, 0.13845991737602065, 0.061947824698636966, 0.1423710086405296]
30 [0.14036060585051202, 0.15796949622825454, 0.21285707852450442, 0.28503037852679614, 0.41060350113108385, 0.201767003402958, 0.3098098940914766, 0.1366522761890638]
31 [0.19011817288317995, 0.7157541709759806, 0.2197033399408624, 0.20304053133756075, 0.2327776185623263, 0.21446764330731324, 0.23122410722900663, 0.16594502808799858]
32 [0.19874210915962076, 0.2547036034688847, 0.7742148018534888, 0.2062962084589827, 0.17589257156251425, 0.15681677653668738, 0.26999910001207816, 0.17228789948715598]
33 [0.14287017971978294, 0.15605478019800859, 0.13751113518936586, 0.20379093401695164, 0.13869269566621353, 0.7757107862135119, 0.2666136865517699, 0.2080274068532208]
34 [0.23188587155476975, 0.12531512254827068, 0.11052744723327045, 0.03562928093397521, 0.21452161582951174, 0.7630297953074506, 0.21251773540517346, 0.17234616143257667]
35 [0.19218303250778374, 0.7360530376042188, 0.1918092752703445, 0.18934120508813151, 0.3486060938670901, 0.2028197409228667, 0.04794309674087391, 0.22282488656834437]
36 [0.25293497919941615, 0.23950123960141642, 0.16022891537239864, 0.07348427162596577, 0.19864392466388428, 0.8600938992726355, 0.167948973307322, 0.17053210848606112]
37 [0.14398923928843804, 0.2051820321600831, 0.14609403685138533, 0.1651050091522825, 0.1373385068690994, 0.7807049886663417, 0.25268390081400854, 0.2017255283105039]
38 [0.40501350197802516, 0.14411645147752492, 0.26330025969568643, 0.23156257677450667, 0.33710098413353046, 0.18814358448707488, 0.40497512523360324, 0.17013414597098492]
39 [0.18857179332710297, 0.7832472852377108, 0.39849567047231466, 0.11944589293912516, 0.22228481607351083, 0.15207111857200215, 0.03482012475737907, 0.16347487662627827]
40 [0.203715535879655, 0.2077394674783493, 0.299522956008515, 0.22448302237929948, 0.29582484902337164, 0.2254100780883268, 0.27379719752879994, 0.3156608510676231]
41 [0.2722091774141788, 0.15547585195044406, 0.49177784872603403, 0.26253135083578977, 0.11252907308223228, 0.24644086210560423, 0.21128400215234544, 0.23600502457093536]
42 [0.21446109896529286, 0.05821653662800774, 0.18927095126270443, 0.20925335313738627, 0.3779242074717889, 0.25118090873684257, 0.29718821602027695, 0.3346226868897669]
43 [0.20622303559578356, 0.22199859683328824, 0.1842615121538018, 0.7941042111145535, 0.255677856611058, 0.0403218758386695, 0.2642034794338021, 0.1965397134205592]
44 [0.2385293840725982, 0.23512740347602715, 0.20237665303394942, 0.7513890200382647, 0.1655031498936611, 0.11914644559602551, 0.2408862402196631, 0.20144839378064436]
45 [0.20353256790578778, 0.26373559604822, 0.22185515399394548, 0.19758124068984315, 0.451216320974999, 0.10314052925844566, 0.3414551029442176, 0.13324654955673193]
46 [0.17918804929205873, 0.08993504697128048, 0.14768675189901587, 0.7092530150584918, 0.1913614641782254, 0.18472990962389174, 0.289214172383773, 0.2138793001453573]
47 [0.204354488275816, 0.23496753682614466, 0.23435948204270612, 0.0652501430138269, 0.6790733331934757, 0.17010618077494827, 0.18686253862783203, 0.2626853355159513]
48 [0.3082505432793198, 0.26501039189528713, 0.23588874112254107, 0.7567607301457442, 0.08894949627597326, 0.19536910148387004, 0.10323927687238009, 0.2675623718395252]
49 [0.2881521965745375, 0.2202749343114407, 0.15626846607676043, 0.08574607392899475, 0.23746099618844474, 0.7997912305327836, 0.250837049788012, 0.16772296533917702]
50 [0.19802825712260863, 0.19115508304565484, 0.8075283741566328, 0.19567274391228318, 0.1438847719946709, 0.21059775524920787, 0.2597785925446338, 0.18199507145936247]
51 [0.1848895080955551, 0.09979862510486474, 0.6469151314128792, 0.015649082575100528, 0.09099722259093986, 0.8294505792758492, 0.2634081071352276, 0.2143516345006551]
52 [0.2541440721991651, 0.23715009611043958, 0.15976442255943038, 0.07364288020530728, 0.1997104564726164, 0.8596047688274912, 0.17108628357298786, 0.170526307721743]
53 [0.25467758363375503, 0.15011640517650712, 0.3364872018118963, 0.1409340205487851, 0.28434585588211614, 0.20877685261162449, 0.8152980335150628, 0.20337908032821805]
54 [0.2290277222193868, 0.21524469600626214, 0.20758613098018622, 0.11181746764846454, 0.7580323238712152, 0.08066609655657739, 0.22606034036782477, 0.26967674953062903]
55 [0.31003903884716383, 0.264211776721616, 0.3526918992558808, 0.7515618534238169, 0.27761851715718855, 0.03804669063405089, 0.1250723493804328, 0.18427541818405122]
56 [0.21489011877154301, 0.02821162199275612, 0.2325928756330511, 0.29204441345884624, 0.07862770815579793, 0.7619078692630262, 0.38442356562985686, 0.27365646488815165]
57 [0.22500487972050828, 0.22192890757332445, 0.21445134682118042, 0.10461110362306134, 0.7458349645865668, 0.08784967390132745, 0.2180001525504476, 0.2677562598594796]
58 [0.2199059768090797, 0.1438037785913195, 0.14249940315595305, 0.1218070482292309, 0.15852409722166969, 0.6115681541198045, 0.20827164133930004, 0.19950429414111007]
59 [0.22025563374634474, 0.01642997018519461, 0.34975110705073015, 0.2520947015580634, 0.19123338860335948, 0.2554456854175953, 0.5811782376620949, 0.3000106044702783]
60 [0.18457876325426179, 0.20286155250069415, 0.6747025369277853, 0.11493000127378217, 0.13610732861209457, 0.23874273719779138, 0.17963923270282747, 0.21590503699107277]
61 [0.4033117012895413, 0.2639772352510844, 0.17777639760428643, 0.18976681057138411, 0.3472042171116714, 0.26784702099612734, 0.3020001750663028, 0.15824618237906235]
62 [0.13001798710686463, 0.2139704434335351, 0.24671425515407266, 0.7643856348955381, 0.25051137961725467, 0.09869333252653575, 0.19372014932574882, 0.17901214107461244]
63 [0.24939331546937282, 0.16950439172174234, 0.19433103156695475, 0.7456951756141473, 0.13771544482196255, 0.1651749920263547, 0.23924051184917433, 0.2076690801074953]
64 [0.2062468512736712, 0.12447358134246009, 0.3283668267131084, 0.5334991653458744, 0.11021292980653465, 0.26327015846826657, 0.19681442183221573, 0.23842828834967167]
65 [0.26833388055970325, 0.16044453627168787, 0.15838374044235973, 0.11072569110352797, 0.20380704227909055, 0.6545862617994535, 0.11095768828456368, 0.32919294375913133]
66 [0.4166958282174132, 0.11149982157762611, 0.1837292644413344, 0.23252610386644645, 0.33316650875546006, 0.28052248586271017, 0.3658878786353347, 0.18402049898832068]
67 [0.36761105365462965, 0.28766677226519594, 0.04435437864430391, 0.2722927419174999, 0.5928324042585499, 0.30979400446462124, 0.38275397438947134, 0.2404151732952697]
68 [0.2592303642453024, 0.6937244164268411, 0.2859938248325777, 0.1669463447139367, 0.3044304321449092, 0.13862321286297782, 0.06684052592727843, 0.1427127596548224]
69 [0.19908093503225102, 0.25371933022699716, 0.16925223236168568, 0.6662142288445521, 0.25660960062233623, 0.07734459465751958, 0.2606526650701319, 0.19463923278846712]
70 [0.16942186149803767, 0.22024593391445724, 0.17761751682313415, 0.7620453799181859, 0.1041887849606891, 0.18767289365983192, 0.04136252364778753, 0.22219099174480147]
71 [0.24059657445915777, 0.16822714854089904, 0.14296960705667813, 0.3425026516391439, 0.2580466134847888, 0.29707707983441933, 0.5064366062000855, 0.18968538928792827]
72 [0.13154260240987478, 0.15563866933980858, 0.24099622664381393, 0.7274894170830427, 0.23359910533674683, 0.13178829955598606, 0.23211853378043493, 0.1861139125380315]
73 [0.21573872344827513, 0.5868636113072708, 0.2052403716001934, 0.43635797371145807, 0.1221804343026211, 0.24524875454463335, 0.05859950151957605, 0.21080723858281128]
74 [0.19511545985850892, 0.22969416761641237, 0.6924848216517604, 0.17587566690257847, 0.15612141314364492, 0.121524307240204, 0.1868369975913887, 0.2140989505203967]
75 [0.16782341286183033, 0.17694867438152576, 0.14435119584153894, 0.02065851962129731, 0.754981883503605, 0.23932330758413026, 0.2641123187683575, 0.2147450597022916]
76 [0.2134232971380605, 0.7889322337827588, 0.2526031740188962, 0.2076599275885917, 0.18533959117381046, 0.21278975151975624, 0.027746560062804605, 0.1638311727713919]
77 [0.14663564456594347, 0.1592466066548149, 0.653476116124174, 0.36366620719500375, 0.08363822460463469, 0.30778539917277686, 0.1903570055367203, 0.24223052109226295]
78 [0.13143282255117417, 0.14333428120943953, 0.24221186695882563, 0.7143100419986655, 0.2276323892636303, 0.14234738246322834, 0.24211264926086576, 0.18830480188990528]
79 [0.21164736834546163, 0.2065532508421572, 0.0687562646302843, 0.28342848377029106, 0.6828349403277512, 0.3058151403576516, 0.17310168563342224, 0.283132432563875]
80 [0.23406725873903692, 0.2481224865131363, 0.6538900822565813, 0.06628082299967906, 0.17934451665824314, 0.19273283994937496, 0.20774754533745954, 0.1949668506156746]
81 [0.24865311213674274, 0.21170594792405875, 0.213664214929099, 0.7987153661299005, 0.18062329312794204, 0.09017894140030437, 0.3102570919963924, 0.2019210851925271]
82 [0.19343101797355558, 0.8305975394012484, 0.11831663521929728, 0.27629501259483064, 0.27852698767021183, 0.28746369487379203, 0.011962789765110726, 0.27288223156941]
83 [0.19387809437062772, 0.7666652178273518, 0.22978446368437289, 0.20163766515742307, 0.24369713743731286, 0.18027315400579577, 0.2304841189890464, 0.16235283111820947]
84 [0.20237724210313024, 0.25368801107227146, 0.7037092833935278, 0.22898736102313919, 0.17195265281409566, 0.0739398665443703, 0.19310184249860085, 0.2131013860237964]
85 [0.22087208521205523, 0.29514586197508863, 0.14514873086524951, 0.22120009991113326, 0.3317597795582831, 0.29857850433448313, 0.2548474845593398, 0.21408147980100964]
86 [0.2311544222213635, 0.12832773067186307, 0.11158730294702875, 0.03593492749968368, 0.21813567401743417, 0.7542351690048308, 0.21049050686540566, 0.17110861554834142]
87 [0.19799720040780636, 0.15264957545792943, 0.8458068017635851, 0.2622689549873738, 0.23638745238069936, 0.2390377841893475, 0.21050538493997792, 0.26982310616438104]
88 [0.2197013863859045, 0.18985055080953417, 0.1895359009286237, 0.8004703498080245, 0.1019682820112422, 0.17277186392409874, 0.09715244976652565, 0.2193525071588915]
89 [0.23689683207780485, 0.1692872417338574, 0.1576303695497785, 0.07385410515938776, 0.843981602379606, 0.08783297992847913, 0.24056740551284125, 0.2482361964687734]
90 [0.17887678111632982, 0.26279050733375714, 0.1323982844365126, 0.034897963640483136, 0.7403192564067425, 0.18759612909516277, 0.19907557428263734, 0.19631616039278665]
91 [0.2166054159010853, 0.7416738181127186, 0.20648830262216153, 0.11972366105486751, 0.27251325374522456, 0.2584496751686908, 0.3211944067584964, 0.15933614570863597]
92 [0.24543249434322978, 0.2743514414588358, 0.14724469374197618, 0.2935458982150539, 0.15277474665759652, 0.3957526736796864, 0.14194961044234392, 0.20731887602665675]
93 [0.38379713437878404, 0.14949232868634862, 0.22030918985723572, 0.34494811443045625, 0.3181908104811111, 0.1784233597052742, 0.3224427640754578, 0.175058221398728]
94 [0.24890399379483283, 0.022124833007279368, 0.2469660081779494, 0.23499317524501187, 0.2881455193532634, 0.21352026329349783, 0.7153827207799761, 0.1963113786115165]
95 [0.1989279772210747, 0.15384214682440003, 0.8551073848124913, 0.2597626633499579, 0.25299121468523494, 0.2273668769763922, 0.2227871854894369, 0.27661658853265214]
96 [0.2326665731005769, 0.19330934304943953, 0.8230639161307075, 0.21046308612399023, 0.15638531880154355, 0.2445243142479769, 0.14740547114741412, 0.32422657448031184]
97 [0.2990728450663734, 0.21265301198679182, 0.12660848619285814, 0.2854111561585846, 0.33161319527134486, 0.23909383951567892, 0.5205729524429596, 0.19660161400498935]
98 [0.18737148085399993, 0.1015243214167956, 0.15509259670234518, 0.7707372415838106, 0.209843045193879, 0.11347305616814694, 0.29513805110505403, 0.21125497874890312]
99 [0.30146232077432866, 0.23038498325786289, 0.15872285219956087, 0.09671141790589632, 0.25610790332408434, 0.7447605755273028, 0.2755199179718151, 0.16579406078030492]
100 [0.1992764503874387, 0.2290177335953122, 0.7069877779155096, 0.1997996082092262, 0.2061040168915679, 0.1543967269966961, 0.27818886821719707, 0.1659701136634012]
